4294967279,119
4294967279,118
4294967279,117
4294967279,116
4294967279,115
4294967279,114
4294967279,113
4294967278,10
4294967278,9
4294967278,7
4294967278,6
4294967278,5
4294967278,4
4294967279,132
4294967279,131
4294967279,130
4294967279,129
4294967279,128
4294967279,127
4294967279,126
4294967279,125
4294967279,124
4294967279,123
4294967279,122
4294967279,121
4294967279,120
4294967279,268
4294967278,533
4294967279,342
4294967278,266
4294967279,283
4294967278,265
4294967278,11
4294967278,277
4294967279,303
4294967278,279
4294967278,263
4294967279,302
4294967278,8
4294967278,302
4294967279,282
4294967278,261
4294967278,41
4294967278,40
4294967278,39
4294967278,38
4294967278,37
4294967278,36
4294967278,35
4294967278,34
4294967278,33
4294967278,32
4294967278,31
4294967278,30
4294967278,29
4294967278,28
4294967278,27
4294967278,26
4294967278,25
4294967278,24
4294967278,23
4294967278,22
4294967278,21
4294967278,20
4294967278,19
4294967278,18
4294967278,17
4294967278,16
4294967278,15
4294967278,14
4294967278,13
4294967278,12
4294967279,38
4294967279,35
4294967279,34
4294967279,31
4294967279,29
4294967279,26
4294967279,24
4294967279,23
4294967279,22
4294967279,20
4294967279,19
4294967279,18
4294967279,17
4294967279,15
4294967279,14
4294967279,13
4294967279,11
4294967279,341
4294967279,276
4294967279,275
4294967294,409
4294967294,396
4294967294,385
4294967294,420
4294967294,178
4294967294,407
4294967294,398
4294967294,406
4294967294,384
4294967294,108
4294967294,110
4294967294,116
4294967294,408
4294967278,532
4294967279,340
4294967278,531
4294967278,530
4294967279,339
4294967278,529
4294967279,338
4294967278,528
4294967278,527
4294967279,337
4294967279,336
4294967278,526
4294967279,335
4294967279,334
4294967278,525
4294967279,333
4294967279,332
22,5
4294967278,524
22,4
22,3
22,2
22,1
4294967279,331
4294967278,523
4294967278,254
4294967279,330
4294967278,251
4294967279,329
4294967278,246
4294967278,244
4294967278,243
4294967278,242
4294967278,239
4294967279,328
4294967278,237
4294967278,522
4294967278,236
4294967294,428
4294967278,234
4294967278,235
4294967278,232
4294967278,228
20,5
4294967278,226
20,4
20,3
20,2
20,1
4294967278,224
4294967278,222
4294967278,219
4294967278,214
4294967279,327
4294967278,213
4294967278,521
4294967278,212
4294967279,326
4294967278,520
4294967278,208
4294967279,325
4294967278,519
4294967278,518
18,6
4294967294,390
4294967294,114
4294967278,207
4294967278,517
4294967279,324
4294967279,323
4294967278,206
18,5
4294967278,204
18,4
4294967278,203
18,3
18,2
18,1
4294967278,516
4294967278,202
4294967278,199
4294967279,322
4294967278,515
4294967278,514
17,5
4294967278,198
4294967278,197
17,4
17,3
17,2
17,1
4294967279,321
4294967278,196
4294967294,468
4294967278,193
16,4
4294967278,192
16,3
16,2
16,1
4294967278,513
0,7
4294967278,191
4294967278,512
4294967294,906
4294967294,186
4294967294,904
4294967294,0
4294967294,69
4294967294,68
4294967294,89
4294967279,320
4294967278,319
4294967279,319
4294967278,318
4294967279,318
4294967278,317
4294967294,923
4294967294,392
4294967294,438
4294967294,389
4294967294,120
4294967294,2
4294967294,44
4294967294,40
4294967294,41
4294967294,38
4294967294,37
4294967294,36
4294967294,39
4294967294,43
4294967279,317
4294967278,316
4294967294,107
4294967294,81
4294967294,50
4294967294,92
4294967294,91
4294967294,90
4294967294,88
4294967294,87
4294967294,86
4294967294,85
4294967294,84
4294967294,951
4294967294,952
4294967294,29
4294967294,418
4294967294,28
4294967294,922
4294967294,27
4294967294,469
4294967294,954
4294967294,53
4294967294,416
4294967294,393
4294967294,45
4294967294,424
4294967294,96
4294967294,94
4294967279,316
4294967294,9
4294967294,8
4294967279,315
4294967294,7
4294967278,315
4294967278,0
4294967294,6
4294967294,22
4294967294,387
4294967294,388
4294967294,166
4294967294,168
4294967294,161
4294967294,165
4294967294,24
4294967294,113
4294967294,162
4294967294,46
4294967294,1
4294967294,5
4294967294,99
4294967294,115
4294967294,112
4294967294,167
4294967294,1414
4294967294,31
4294967294,93
4294967294,95
4294967294,12
4294967294,11
4294967278,132
4294967278,131
4294967278,130
